name: api
channels:
  - conda-forge
  - defaults
dependencies:
  - asttokens=2.4.1=pyhd8ed1ab_0
  - bzip2=1.0.8=h2466b09_7
  - ca-certificates=2024.7.4=h56e8100_0
  - colorama=0.4.6=pyhd8ed1ab_0
  - comm=0.2.2=pyhd8ed1ab_0
  - debugpy=1.8.2=py39ha51f57c_0
  - decorator=5.1.1=pyhd8ed1ab_0
  - executing=2.0.1=pyhd8ed1ab_0
  - importlib-metadata=8.0.0=pyha770c72_0
  - importlib_metadata=8.0.0=hd8ed1ab_0
  - ipykernel=6.29.5=pyh4bbf305_0
  - ipython=8.18.1=pyh7428d3b_3
  - jedi=0.19.1=pyhd8ed1ab_0
  - jupyter_client=8.6.2=pyhd8ed1ab_0
  - jupyter_core=5.7.2=py39hcbf5309_0
  - krb5=1.21.3=hdf4eb48_0
  - libffi=3.4.2=h8ffe710_5
  - libsodium=1.0.18=h8d14728_1
  - libsqlite=3.46.0=h2466b09_0
  - libzlib=1.3.1=h2466b09_1
  - matplotlib-inline=0.1.7=pyhd8ed1ab_0
  - nest-asyncio=1.6.0=pyhd8ed1ab_0
  - openssl=3.3.1=h2466b09_2
  - packaging=24.1=pyhd8ed1ab_0
  - parso=0.8.4=pyhd8ed1ab_0
  - pickleshare=0.7.5=py_1003
  - pip=24.0=pyhd8ed1ab_0
  - platformdirs=4.2.2=pyhd8ed1ab_0
  - prompt-toolkit=3.0.47=pyha770c72_0
  - psutil=6.0.0=py39ha55e580_0
  - pure_eval=0.2.2=pyhd8ed1ab_0
  - pygments=2.18.0=pyhd8ed1ab_0
  - python=3.9.19=h4de0772_0_cpython
  - python-dateutil=2.9.0=pyhd8ed1ab_0
  - python_abi=3.9=4_cp39
  - pywin32=306=py39h99910a6_2
  - pyzmq=26.0.3=py39h03e5c00_0
  - setuptools=70.1.1=pyhd8ed1ab_0
  - six=1.16.0=pyh6c4a22f_0
  - sqlite=3.46.0=h2466b09_0
  - stack_data=0.6.2=pyhd8ed1ab_0
  - tk=8.6.13=h5226925_1
  - tornado=6.4.1=py39ha55e580_0
  - traitlets=5.14.3=pyhd8ed1ab_0
  - typing_extensions=4.12.2=pyha770c72_0
  - ucrt=10.0.22621.0=h57928b3_0
  - vc=14.3=h8a93ad2_20
  - vc14_runtime=14.40.33810=ha82c5b3_20
  - vs2015_runtime=14.40.33810=h3bf8584_20
  - wcwidth=0.2.13=pyhd8ed1ab_0
  - wheel=0.43.0=pyhd8ed1ab_1
  - xz=5.2.6=h8d14728_0
  - zeromq=4.3.5=he1f189c_4
  - zipp=3.19.2=pyhd8ed1ab_0
  - pip:
      - annotated-types==0.7.0
      - anyio==4.4.0
      - art==6.1
      - click==8.1.7
      - contourpy==1.2.1
      - cycler==0.12.1
      - dotwiz==0.4.0
      - elasticdeform==0.5.1
      - exceptiongroup==1.2.1
      - fastapi==0.108.0
      - fonttools==4.53.1
      - h11==0.14.0
      - idna==3.7
      - imageio==2.34.2
      - importlib-resources==6.4.0
      - joblib==1.4.2
      - kiwisolver==1.4.5
      - lazy-loader==0.4
      - matplotlib==3.9.1
      - networkx==3.2.1
      - numpy==1.26.3
      - opencv-python==4.8.0.76
      - pandas==2.2.2
      - pillow==9.4.0
      - pydantic==2.8.2
      - pydantic-core==2.20.1
      - pyheck==0.1.5
      - pyparsing==3.1.2
      - python-multipart==0.0.7
      - pytz==2024.1
      - pywavelets==1.6.0
      - scikit-image==0.24.0
      - scikit-learn==1.2.2
      - scipy==1.13.1
      - sniffio==1.3.1
      - starlette==0.32.0.post1
      - threadpoolctl==3.5.0
      - tifffile==2024.7.24
      - tqdm==4.66.5
      - tzdata==2024.1
      - uvicorn==0.25.0
      - xgboost==2.1.1
prefix: C:\Users\Isabelle\miniconda3\envs\api
